-0.384902 
-0.148688 
-0.070709 
-0.044326 
1.069739 
1.481431 
1.815004 
1.917544 
1.994701 
2.120438 
2.243845 
2.260886 
2.336566 
2.458867 
2.513971 
2.713753 
2.806154 
2.814619 
2.937634 
2.972125 
3.163599 
3.202993 
3.288706 
3.326444 
3.453080 
3.597682 
3.697982 
3.756795 
3.845862 
3.965778 
4.076139 
4.163847 
4.253544 
4.259128 
4.418807 
4.497296 
4.562529 
4.685800 
4.739611 
4.863926 
4.911045 
5.062240 
5.129063 
5.159252 
5.256019 
5.334117 
5.368049 
5.490469 
5.504933 
5.554986 
5.786532 
5.835347 
5.943128 
6.032008 
6.069669 
6.097993 
6.198713 
6.403701 
6.440653 
6.616220 
6.699191 
6.804025 
6.831448 
6.904961 
7.053510 
7.104033 
7.153961 
7.267525 
7.342695 
7.414847 
7.461631 
7.550855 
7.703989 
7.789961 
7.868857 
8.096924 
8.147254 
8.181068 
8.274065 
8.463944 
8.521856 
8.711786 
8.807261 
8.880934 
8.929059 
9.066346 
9.096582 
9.193144 
9.229416 
9.336346 
9.366069 
9.381811 
9.526597 
9.560029 
9.724620 
9.832353 
9.981551 
10.062585 
10.180287 
10.237713 
10.243846 
10.324423 
10.453342 
10.523356 
10.581581 
10.631487 
10.741685 
10.751844 
10.901603 
10.995247 
11.139579 
11.272856 
11.378536 
11.554114 
11.751809 
11.879980 
12.050590 
12.193166 
12.280964 
12.349913 
12.406553 
12.456598 
12.697197 
12.896569 
12.920325 
13.067227 
13.229868 
13.272191 
13.350647 
13.388684 
13.476502 
13.626915 
13.840900 
13.906578 
14.014258 
14.257605 
14.551859 
14.761023 
14.908477 
15.059938 
15.095911 
15.118948 
15.214583 
15.273182 
15.405778 
15.535948 
15.597991 
15.680297 
15.704410 
15.775461 
15.813883 
16.008577 
16.049038 
16.125998 
16.216684 
16.370190 
16.531815 
16.605519 
16.632735 
16.875463 
17.143870 
17.320109 
18.118283 
21.645877 
21.974136 
22.953116 
22.982233 
23.439803 
23.595291 
23.788826 
24.192174 
24.248760 
24.709262 
25.568119 
