0.393689 0.007663
0.912749 0.009579
1.431810 0.003831
1.950870 0.011494
2.469931 0.021073
2.988991 0.030651
3.508051 0.034483
4.027112 0.034483
4.546172 0.032567
5.065233 0.032567
5.584293 0.034483
6.103353 0.034483
6.622414 0.034483
7.141474 0.032567
7.660535 0.034483
8.179595 0.030651
8.698656 0.030651
9.217716 0.032567
9.736776 0.034483
10.255837 0.034483
10.774897 0.034483
11.293958 0.030651
11.813018 0.026820
12.332078 0.022989
12.851139 0.024904
13.370199 0.028736
13.889260 0.024904
14.408320 0.021073
14.927381 0.019157
15.446441 0.026820
15.965501 0.034483
16.484562 0.032567
17.003622 0.022989
17.522683 0.013410
18.041743 0.007663
18.560803 0.003831
19.079864 0.001916
19.598924 0.000000
20.117985 0.000000
20.637045 0.000000
21.156105 0.000000
21.675166 0.001916
22.194226 0.003831
22.713287 0.005747
23.232347 0.007663
23.751408 0.009579
24.270468 0.011494
24.789528 0.009579
25.308589 0.007663
25.827649 0.003831
