0.393689 0.000547
0.912749 0.000601
1.431810 0.000181
1.950870 0.000573
2.469931 0.002746
2.988991 0.003628
3.508051 0.004125
4.027112 0.003200
4.546172 0.003530
5.065233 0.003524
5.584293 0.003045
6.103353 0.002654
6.622414 0.002238
7.141474 0.002015
7.660535 0.001599
8.179595 0.001489
8.698656 0.001597
9.217716 0.001553
9.736776 0.001438
10.255837 0.001129
10.774897 0.001191
11.293958 0.001285
11.813018 0.001165
12.332078 0.001037
12.851139 0.001224
13.370199 0.001214
13.889260 0.000947
14.408320 0.000473
14.927381 0.000238
15.446441 0.000140
15.965501 0.000159
16.484562 0.000160
17.003622 0.000141
17.522683 0.000084
18.041743 0.000067
18.560803 0.000029
19.079864 0.000015
19.598924 0.000000
20.117985 0.000000
20.637045 0.000000
21.156105 0.000000
21.675166 0.000003
22.194226 0.000011
22.713287 0.000016
23.232347 0.000022
23.751408 0.000023
24.270468 0.000033
24.789528 0.000033
25.308589 0.000031
25.827649 0.000016
